id: 3
label: IV
coefficients:
 - id: treatment
   estimate: .0788577
   standard_error: .0669929
   t_statistic: 1.177104
   p_value: .2391987
 - id: skilled
   estimate: .0888362
   standard_error: .0069037
   t_statistic: 12.86791
   p_value: 2.02e-37
 - id: gender
   estimate: .1736463
   standard_error: .0063359
   t_statistic: 27.40658
   p_value: 2.7e-156
 - id: age
   estimate: .026985
   standard_error: .000974
   t_statistic: 27.7065
   p_value: 1.7e-159
 - id: age2
   estimate: -.0284868
   standard_error: .0011966
   t_statistic: -23.80561
   p_value: 5.4e-120
extra_rows:
 - id: R2
   value: .0885176709335008
 - id: observations
   value: 183714
 - id: instruments
   value: Shift share
