id: 15
label: Equal to lnghf
coefficients:
 - id: newtype
   estimate: .0235125
   standard_error: .0133419
   t_statistic: 1.762303
   p_value: .0791754
 - id: fuz
   estimate: -.0131827
   standard_error: .0039525
   t_statistic: -3.335278
   p_value: .0009744
 - id: _cons
   estimate: 4.400744
   standard_error: .0116986
   t_statistic: 376.1767
   p_value: 0
extra_rows:
 - id: R2
   value: .3811305061566433
 - id: observations
   value: 341
 - id: mean
   value: 4.387066631373073
 - id: standard_deviaton
   value: .1100275089183434
